datafile : ../data/pb_100rnd0200.dat
nbIterations : 100
nbAnts : 100
evaporation : 0.6

Better solution found ! 
25.000000
0 0 0 1 1 0 0 1 0 0 0 1 0 0 1 0 0 0 0 1 0 1 0 0 0 0 0 0 1 0 0 1 1 0 1 0 0 1 0 0 0 0 0 1 0 0 0 1 0 0 0 0 0 0 0 0 1 0 0 0 0 0 0 0 0 0 1 1 0 0 1 0 0 0 1 0 1 0 0 0 1 0 0 0 0 0 0 1 0 0 1 0 0 1 0 1 0 0 0 0 
--------------------------------------------------

Better solution found ! 
29.000000
1 0 1 1 1 1 0 1 1 0 1 1 1 0 1 0 0 0 0 1 0 1 0 1 0 0 1 0 1 0 0 0 1 0 1 1 0 1 0 0 0 0 0 1 0 1 0 1 0 0 0 0 0 0 0 0 0 1 0 0 0 0 0 0 0 0 0 1 0 0 0 0 1 0 0 0 1 0 0 0 0 0 0 0 0 0 0 1 0 0 1 0 0 0 0 0 0 0 0 0 
--------------------------------------------------

Better solution found ! 
31.000000
1 1 0 1 1 1 0 1 1 1 1 1 1 0 1 0 0 0 0 1 0 0 0 1 0 1 1 0 1 0 0 0 1 0 0 1 0 1 0 0 0 0 0 1 0 1 0 1 0 0 1 0 0 0 0 0 0 1 0 0 0 0 0 0 0 0 0 1 0 0 0 0 0 0 0 0 1 0 0 0 0 1 0 1 0 0 0 1 0 0 1 0 0 0 0 0 0 0 0 0 
--------------------------------------------------

Better solution found ! 
32.000000
1 0 1 1 1 1 0 1 1 1 1 1 1 0 1 0 0 0 0 1 0 0 0 1 0 1 1 0 1 0 0 0 1 0 0 1 0 1 0 0 0 0 0 1 0 1 0 1 0 0 0 0 0 0 0 0 0 1 0 0 0 0 0 0 0 0 0 1 0 0 0 0 1 0 0 0 1 0 0 0 0 1 0 1 0 0 0 1 1 0 1 0 0 0 0 0 0 0 0 0 
--------------------------------------------------


Best solution : 
32.000000
1 0 1 1 1 1 0 1 1 1 1 1 1 0 1 0 0 0 0 1 0 0 0 1 0 1 1 0 1 0 0 0 1 0 0 1 0 1 0 0 0 0 0 1 0 1 0 1 0 0 0 0 0 0 0 0 0 1 0 0 0 0 0 0 0 0 0 1 0 0 0 0 1 0 0 0 1 0 0 0 0 1 0 1 0 0 0 1 1 0 1 0 0 0 0 0 0 0 0 0 
Computation time : 1.063000
