datafile : ../data/pb_100rnd0900.dat
nbIterations : 100
nbAnts : 100
evaporation : 0.8

Better solution found ! 
356.000000
1 0 1 1 1 0 0 1 0 0 0 1 0 1 1 1 0 1 1 0 0 0 0 0 0 0 0 0 0 0 0 1 0 0 0 0 0 0 0 0 0 0 0 0 1 1 0 0 0 0 0 1 0 1 0 1 0 1 0 0 1 0 0 0 0 0 0 0 0 0 0 0 0 0 0 0 1 1 0 0 0 0 0 1 0 0 0 0 1 0 1 1 0 1 0 0 1 1 0 0 
--------------------------------------------------

Better solution found ! 
366.000000
1 0 1 0 1 0 1 1 0 0 1 1 1 1 1 0 0 1 1 0 0 0 0 1 1 0 0 0 0 0 1 0 0 0 1 0 1 0 0 0 0 0 0 1 0 0 0 0 0 0 0 0 0 1 0 1 0 0 0 0 0 1 0 0 1 0 0 0 0 0 1 0 0 0 0 0 0 0 0 1 1 0 0 0 0 1 0 0 1 0 1 1 0 1 0 0 0 1 0 0 
--------------------------------------------------


Best solution : 
366.000000
1 0 1 0 1 0 1 1 0 0 1 1 1 1 1 0 0 1 1 0 0 0 0 1 1 0 0 0 0 0 1 0 0 0 1 0 1 0 0 0 0 0 0 1 0 0 0 0 0 0 0 0 0 1 0 1 0 0 0 0 0 1 0 0 1 0 0 0 0 0 1 0 0 0 0 0 0 0 0 1 1 0 0 0 0 1 0 0 1 0 1 1 0 1 0 0 0 1 0 0 
Computation time : 0.697000
